camera_matrix:
- - 283.43526557561756
  - 0.0
  - 332.19374023543224
- - 0.0
  - 376.57419984443953
  - 258.72945524767323
- - 0.0
  - 0.0
  - 1.0
distortion_coefficients:
- - -0.3400475928898402
  - 0.12975582843164904
  - -0.000892450600760345
  - -0.0034824946743785105
  - -0.023443121456317443
rms: 2.4276441954494756
